18,749613 28,956072
18,069742 27,890369
20,757817 15,787054
17,981789 27,855881
17,287258 28,085677
28,939202 14,512709
18,678843 27,558746
16,641591 27,302107
17,920838 28,307557
26,051006 16,403546
16,132515 27,315347
18,286539 27,979048
17,091504 28,357091
17,172807 28,925238
15,878931 27,051869
18,168152 29,269360
17,166937 28,060848
29,542593 14,744793
17,879183 28,270023
18,444744 29,213071
18,711516 29,921083
27,560592 16,038191
27,705569 15,244467
28,825036 13,732417
17,954711 29,022942
18,783433 27,995045
18,493327 26,795723
18,253012 28,089887
17,960869 26,874313
26,815116 15,127731
18,009204 27,726789
18,823664 27,198135
21,378005 17,421931
20,965333 18,939911
19,766865 18,307638
16,956328 27,528782
17,685092 28,930460
27,998896 16,131730
19,939416 18,144100
18,446401 29,542126
27,058962 15,437675
27,435582 14,501295
19,806399 17,150774
19,678327 28,242776
17,758870 27,849550
17,516656 25,981958
19,401517 16,949087
18,553151 30,156316
27,954062 14,886569
16,767960 27,978696
17,358702 27,279740
18,538185 25,814628
17,000388 27,729982
17,081321 26,561855
19,016380 27,596620
17,658896 28,670814
17,402684 27,755023
17,969882 28,784329
17,721831 29,118522
17,893788 27,727237
18,142896 26,928483
18,789748 29,446009
20,660539 16,857647
17,565814 27,968976
18,475476 28,053862
17,402853 28,243882
18,165512 28,837089
18,089710 29,215443
18,180310 28,822835
18,536413 27,888707
18,622394 26,827311
18,580466 26,193915
17,791599 27,721445
17,605996 28,026755
18,666083 28,465284
17,192740 26,342789
18,654560 28,332417
17,164196 26,034569
17,725516 28,283515
19,180698 28,587522
18,922209 28,896076
17,233596 28,174591
18,123944 26,950690
17,951657 27,785494
17,446082 25,817504
17,507136 28,628314
18,041233 27,388484
18,312249 28,667769
18,358093 28,653794
17,795914 27,263337
19,234785 17,844661
17,564506 27,959770
19,275905 28,035748
19,031103 28,513296
17,589995 27,923549
17,530693 28,833397
18,209165 29,507595
19,060088 28,710775
20,222480 17,451785
29,149945 16,051902
20,644117 18,784115
19,052146 29,172838
18,918070 27,588231
18,055361 28,761474
17,931186 28,416783
17,088728 27,673870
19,996040 16,422943
29,000153 15,845764
18,203606 28,459795
17,813677 28,629937
17,432754 27,202566
17,986720 28,681223
18,349990 28,684689
17,655966 27,928348
16,794949 27,805765
17,988275 28,071348
17,999750 27,970570
17,155972 28,116978
16,705111 27,596336
20,224149 16,680504
28,440829 14,498917
17,799543 26,964410
18,683565 30,143197
18,335099 28,216830
17,816054 28,292504
27,897414 15,611789
18,050920 26,476136
20,903205 16,805319
20,010660 15,054326
18,229555 28,828393
17,505372 27,932293
20,441661 16,644077
19,631315 17,450651
18,083218 29,694209
17,182131 28,985496
17,417831 27,772927
20,171653 16,774042
29,005048 14,212200
17,915973 28,265735
17,933458 28,219524
28,523995 14,908023
28,095350 15,026986
17,520362 29,095273
19,398950 27,352125
20,601929 17,121993
27,019396 15,497657
21,020603 16,491392
17,499390 27,500796
19,583576 17,398597
18,268703 28,311106
17,989074 28,665924
17,873097 26,688945
17,386633 28,757905
18,929531 27,366955
18,008304 28,202176
18,715243 28,701723
18,882935 27,337478
18,352865 29,399228
17,810519 27,677083
28,191270 16,041998
18,433647 29,158616
27,097388 17,132637
20,542403 16,951413
17,968485 28,517400
20,445647 17,931810
17,612748 28,264443
27,816915 15,734504
17,691192 28,288286
16,848822 28,429440
18,160065 27,791944
18,901160 27,138019
17,681897 29,459316
18,745221 28,514864
17,772986 27,716308
21,051231 17,707105
27,781928 15,746251
28,994987 14,746466
18,028852 27,672450
16,704873 28,334804
20,951023 18,776565
18,313498 28,281979
19,414086 27,735528
18,267393 28,289413
19,230111 17,023456
21,851373 18,073374
19,760487 16,754172
20,143078 17,764288
18,796575 28,646052
18,017621 28,762322
18,484502 28,063842
18,936960 29,052825
21,159198 15,563492
18,690647 27,515203
26,677520 15,015551
17,616273 27,517433
18,743111 29,851331
17,414833 28,343997
18,792121 29,750137
19,614760 17,728765
17,582435 29,169967
18,299012 27,693886
18,267054 27,559111
18,981344 29,785044
17,908546 27,394644
27,746703 14,477567
17,554574 27,870752
19,978230 15,893288
17,570252 27,448335
17,266608 27,507378
17,532407 28,716938
17,772035 29,520726
18,544692 27,783264
17,594188 27,816205
28,333641 15,738590
19,866501 17,037362
19,534602 16,877885
17,906057 28,912812
16,923461 27,380858
20,801897 18,490074
17,359180 26,837877
28,368110 15,882173
20,257125 17,303495
21,232264 17,377525
17,121746 27,237751
15,992997 26,258142
18,011636 27,828845
28,636388 15,536618
20,387667 17,392959
16,531927 28,103993
28,889575 14,573838
18,385853 29,176866
17,951734 27,683439
17,526198 28,500838
16,432956 27,202434
17,549355 28,160769
17,537914 28,106635
20,839724 16,685776
27,541639 14,655750
17,972298 28,757592
17,341644 29,261750
17,284698 27,997511
18,083736 27,779594
26,359995 14,241846
19,041561 28,348292
17,788857 29,245923
18,982321 29,261502
19,163845 28,664734
16,055329 28,714903
18,221754 28,727972
17,887264 28,220856
16,531373 28,628174
17,381912 28,606775
17,674352 28,643912
19,332768 16,449050
17,361946 26,944449
18,924714 17,237269
17,337242 28,322448
16,824468 28,634395
20,743758 16,604539
18,246121 28,754060
18,435848 29,542643
20,945617 18,007594
18,279687 27,924225
17,213573 26,958205
18,635961 27,758674
18,309866 28,373450
18,452026 29,100873
18,243074 28,339760
27,806167 14,309462
28,888556 14,507739
16,727149 29,445288
18,146408 27,100008
17,606011 27,460253
28,268128 15,665859
28,499084 15,252593
18,158453 29,528962
19,088515 27,862441
17,530127 28,307307
17,573574 29,236211
18,988857 27,352719
17,498125 27,790085
17,966786 27,218326
17,853175 28,277627
21,258118 17,138273
27,622950 15,164222
19,773522 17,015212
17,797853 28,417709
17,849991 27,905513
18,374996 26,916565
18,981739 28,864117
17,109660 27,490912
17,526719 27,806580
16,909438 28,019591
17,547799 27,566591
17,726808 27,877551
18,845536 28,794122
17,177553 28,849138
17,592847 28,394153
18,436219 28,732619
17,015821 29,358781
19,601340 18,255690
19,038156 28,455845
28,647544 14,458790
19,715396 18,105993
20,421591 16,410890
17,193256 28,236206
18,165163 26,668664
17,426043 26,639457
21,060800 17,879110
19,189643 28,402844
20,761944 16,884433
19,299190 28,348669
27,688590 16,192580
17,294932 27,119861
18,585156 28,259887
17,818239 27,603577
17,857245 27,809702
17,912477 26,629802
17,585847 26,747013
18,584291 27,408734
18,433367 28,245756
20,377731 16,437302
21,915582 16,554019
16,405709 27,340337
18,508076 28,744843
16,929744 27,522680
29,328417 14,924645
17,028050 26,636744
18,396356 28,254750
17,449185 27,888519
18,584295 26,650669
20,120501 17,043204
19,459569 16,675985
18,617806 29,193676
17,909547 28,276157
28,570143 16,369050
18,845802 27,339781
19,566346 28,731097
28,676866 16,898491
21,564356 17,718718
18,460828 27,632290
19,409147 18,078072
20,367252 17,312618
17,433172 28,730020
17,420025 26,953441
18,274411 27,892224
17,801282 28,698608
18,534607 27,581933
17,525020 28,067119
19,939207 18,584393
17,254983 28,406096
17,402245 27,865838
18,134521 29,127669
17,455586 30,187122
20,912683 17,525182
19,931932 17,621090
20,666405 18,544924
17,975596 28,101375
27,793116 15,134502
18,327759 28,809808
27,659392 16,093488
18,263878 28,227309
20,573610 17,704773
21,498326 18,776305
28,660701 16,271057
17,714619 27,978071
19,373453 27,926775
17,137127 27,889615
18,378847 29,022564
17,557449 25,904219
20,385858 16,636023
16,640620 27,604367
20,090154 17,439368
17,937142 27,895222
17,726187 27,268898
18,167436 26,853343
17,470082 28,604884
17,516402 27,905153
27,965919 15,608376
20,501885 18,734489
17,434295 27,165231
17,573812 27,451859
19,844671 17,905278
28,724222 15,957621
17,858201 29,269767
18,564363 27,664647
27,136528 16,590897
28,264814 14,611492
18,902647 27,810549
17,971757 28,527202
17,313098 27,660922
17,906921 28,614692
17,703911 28,601330
18,638074 29,686225
18,738355 27,110683
17,772391 27,809071
18,443140 27,743731
19,199998 28,670515
18,451099 27,743021
17,563837 28,657498
17,513145 27,672882
19,841228 16,978407
28,201636 15,683100
17,795366 27,841112
17,596612 29,043488
18,404705 29,286326
16,408973 27,317766
18,040720 28,866392
17,686048 29,436417
27,204023 15,920926
17,429022 28,189708
17,889305 29,370650
17,142196 29,129921
21,343482 17,655649
19,212286 28,664034
19,977479 17,973695
18,048980 28,566518
18,119346 29,125935
17,509130 27,604023
18,134850 29,466361
18,725693 28,340422
18,164662 28,230945
18,551187 27,527820
18,474787 28,379986
17,983921 28,782908
18,370650 28,172506
16,943909 30,091881
20,749642 17,488649
19,223263 16,965984
18,423827 29,390890
18,481183 28,425004
28,388300 15,793094
17,597747 28,142383
18,411526 28,790031
17,092647 28,205927
18,848216 29,733033
17,089979 28,432841
18,378993 28,468177
17,472936 27,791397
20,026674 17,903697
20,798199 16,362239
18,241158 28,558206
17,105443 28,114334
27,734072 15,704772
17,514345 28,735110
20,751990 17,716450
17,594824 27,833083
17,216352 28,147849
18,033276 28,528109
21,056536 18,028547
16,857736 27,844775
16,372586 27,524193
17,996316 27,567208
17,607416 27,920461
17,470848 28,736574
17,746084 28,143410
18,417086 28,373561
19,404002 18,450176
20,708915 16,972069
27,106657 15,476046
17,765260 29,258320
16,970992 28,554251
27,479859 16,592864
18,491675 28,731322
18,097858 27,956985
17,265070 27,307483
18,387803 27,211351
28,470896 15,915433
17,178011 28,294925
18,906510 28,402493
19,755147 28,723187
19,088486 28,287404
27,453336 15,856468
17,262516 27,570961
20,226519 17,396702
17,230048 26,169345
17,579503 27,051730
17,429566 27,487201
17,944443 28,117394
27,066674 14,866850
29,752218 15,403595
18,105531 28,636988
17,240664 27,537147
18,203325 28,202825
17,430725 27,836245
18,229081 26,461922
17,264852 27,100935
27,610929 16,776477
18,324477 29,927711
17,715242 27,680004
17,057845 29,013311
18,317546 29,147193
17,082157 29,099549
19,555275 27,830639
19,931766 16,734127
19,493156 17,944389
17,468526 28,103333
27,643773 17,015750
20,858393 17,419778
21,161234 18,656252
18,469174 28,864192
27,589204 16,084543
16,598563 27,378144
18,485121 26,775075
18,194768 29,884656
17,480348 28,444226
20,840484 17,791520
18,309294 28,693492
18,340892 28,661933
19,365993 30,127886
19,325554 28,963042
17,885397 27,301672
18,157560 29,094960
17,219904 27,521650
27,583755 14,489653
17,783541 28,030041
17,291406 28,737652
28,015875 14,798022
19,318573 17,806325
17,286106 30,055054
17,395129 27,058807
16,508784 28,323600
18,413157 28,381823
20,529918 17,882969
18,973942 16,727718
18,307926 27,220466
17,265558 26,408024
18,800524 28,849001
17,910409 28,517208
18,522199 27,761147
18,428329 29,491956
17,153068 28,803623
17,024653 27,635448
17,576903 27,644490
17,818664 28,433480
19,330467 16,400446
17,999656 27,970945
17,337186 29,120974
17,569119 27,223984
19,529399 27,190537
17,415322 28,520394
17,835448 28,671652
17,499501 28,375264
17,524897 26,774183
18,561002 28,661333
18,470295 28,222512
19,565619 17,264204
17,885938 29,378245
17,757238 28,254416
17,020114 27,473865
17,838586 28,715497
19,151615 27,429357
20,328383 18,120902
19,901301 16,848258
20,320511 17,366466
28,666233 16,295204
17,338738 27,991378
18,741831 27,808032
17,848559 28,711624
18,237246 28,769759
26,610402 14,135139
28,152361 16,091686
17,990842 28,175477
20,820086 17,550079
17,989493 28,231097
18,499939 28,179068
17,070335 29,837478
17,326206 27,165331
19,555217 16,928264
18,284818 28,855114
19,366914 17,471095
17,921664 29,445161
17,946145 26,896087
27,719173 15,501252
16,829531 27,750683
18,461721 29,255435
19,139075 16,660466
18,115698 27,691190
18,165528 28,717564
16,945438 26,821470
17,592265 29,472777
18,235188 26,792286
27,312892 15,396241
17,920602 28,849488
19,196956 27,169549
18,411106 28,107602
18,721934 29,799523
19,332749 27,535010
17,767167 28,142628
18,152123 28,018619
16,899042 26,771497
16,712163 28,338890
28,568828 16,276205
19,637763 18,033015
19,657628 17,062280
17,587258 26,755258
18,822439 27,861673
18,287331 28,615375
17,873295 27,406673
18,108517 28,305810
17,365465 28,126214
20,232076 16,924587
16,816294 27,456110
17,999885 28,106635
17,686506 28,313211
21,591759 18,237138
27,337643 16,770157
17,994592 29,231083
16,545875 26,999385
16,888748 27,839573
18,137987 28,693449
18,165613 27,447469
19,957595 16,270381
17,667757 27,861404
17,964071 27,467585
29,312298 14,705756
18,555445 27,761464
17,050471 27,738041
17,445206 28,129675
26,906128 16,647487
16,310653 27,046556
18,270221 28,518119
17,467541 28,330338
17,638433 29,542417
16,346721 26,841034
18,197889 28,464329
17,124536 28,265335
29,565103 14,884937
17,934097 27,758730
18,759527 29,229713
19,202585 29,500913
27,979159 15,559524
27,936643 15,661816
28,849181 13,904794
17,840476 29,018192
19,106951 27,708600
18,210472 26,576873
18,209994 28,235821
17,818882 27,213858
26,328795 15,664027
17,653947 28,379672
18,886199 27,689942
20,446314 17,661433
20,959629 19,159180
20,239841 18,610652
17,502694 27,926153
17,543044 28,952082
27,970279 15,479607
20,125965 17,392346
18,451102 30,167954
27,709339 16,042763
28,177571 14,774368
19,927381 17,250494
19,463752 27,568283
17,907989 27,407807
17,578076 25,958529
19,633358 17,070372
17,907156 30,249808
28,865487 14,878039
16,861467 27,699466
17,639173 27,428300
18,777801 26,160886
17,740695 28,308141
17,000528 27,146762
19,220222 27,562924
17,774904 28,671015
17,862851 27,836718
17,801610 28,525059
17,287990 28,835685
18,303520 27,988508
18,578530 27,619303
18,299136 29,450778
20,208948 16,557492
18,102760 27,993455
17,806817 27,713698
17,834679 28,390770
17,603909 28,945020
19,071920 29,314933
17,988180 27,989240
18,465255 27,928115
19,001820 27,326222
18,410871 25,874830
17,711477 27,882002
16,905181 27,717402
18,705526 28,034610
17,096911 26,751182
18,321633 27,763942
17,189151 26,679329
17,476827 28,413660
18,522423 29,276972
19,409963 28,187860
17,783310 27,567253
18,414935 26,752645
17,103138 27,544709
17,461490 26,052503
17,131677 28,262335
18,352669 27,881190
18,054478 29,208269
18,092235 28,491181
17,245984 26,692756
19,845268 17,924528
17,416647 28,003267
19,507353 27,978052
19,433870 28,597405
17,681561 28,282755
17,697638 28,578903
18,232729 29,723430
18,557397 28,766340
20,217670 18,089533
29,068516 15,473522
20,418525 19,336921
18,769636 29,779003
18,936387 28,362022
18,335736 29,179288
17,962213 28,398005
17,305272 27,565068
19,491982 16,295500
28,590266 16,183845
17,867292 29,125900
17,450555 28,349011
17,465973 26,964046
18,416430 28,694221
17,969357 29,097829
17,709133 27,801268
17,501869 27,911955
17,811727 27,288934
17,659282 27,401321
16,919085 28,519427
16,757742 27,306472
20,360831 16,635961
28,488390 14,870865
17,351889 26,840961
18,545682 30,268050
18,413105 27,702405
17,152356 27,462301
27,053766 15,610334
17,650189 26,711474
20,824390 17,298912
20,456829 15,513795
17,981497 28,848543
17,602915 27,490205
20,808608 16,666198
19,703176 17,511071
18,275842 30,168017
17,210439 29,054013
17,722279 28,520730
19,392093 16,675784
28,650473 14,427858
17,035753 28,354541
18,303113 28,846687
28,174664 15,194458
27,656572 15,476034
18,502180 29,367057
19,263817 27,255129
21,382439 16,959993
27,148721 15,062978
20,584411 16,803470
17,941276 27,694987
19,952591 17,534412
18,337686 27,530993
18,246834 28,053634
17,794722 27,247311
17,478457 28,990806
19,060298 27,596229
18,732468 28,434103
18,905003 28,900765
18,074490 27,542314
18,002704 28,870152
18,205063 27,589308
28,303947 15,910062
18,198298 28,354966
27,203411 17,064106
20,270233 16,950452
18,076718 28,151421
21,129394 18,325029
17,833628 28,708708
27,476114 14,891016
17,799691 28,314631
16,213026 28,325270
18,461807 28,738900
19,316556 27,989007
17,457593 28,981842
17,943725 28,654269
18,649229 28,416531
20,414043 18,420320
28,642266 15,564186
29,267711 14,700672
18,248351 27,332209
16,781361 27,867679
21,361260 18,735867
17,950052 27,890432
19,104704 27,317864
18,262002 28,069467
19,951745 17,226402
21,194969 18,621101
19,699237 17,302527
20,945229 16,977429
18,633746 28,540334
18,433149 28,267732
18,851978 28,504550
17,994328 28,762419
20,921983 16,318806
19,105504 27,339881
26,357932 15,303106
17,366745 27,502107
19,115159 30,122450
17,885899 29,062410
18,703720 30,282782
19,696395 17,714064
18,182497 28,476320
17,553454 27,711133
18,753852 27,972896
19,563339 29,232538
17,766883 27,464465
27,881575 13,925866
17,983894 27,562835
20,085047 15,238257
18,005475 27,164470
16,805672 27,888009
18,042226 29,217493
18,279660 30,351069
18,256771 27,479599
18,081699 27,873275
27,741583 15,529786
19,973448 16,979097
19,837273 16,401172
18,492179 28,249022
17,181140 27,499718
20,977154 18,219891
17,313887 27,534585
28,308344 15,155406
20,130909 17,319116
20,780487 17,598305
17,966731 27,382636
16,337737 26,931328
17,447026 27,794545
28,947742 15,439220
20,097926 16,862903
16,715362 28,551487
28,563797 14,623792
18,542066 29,833788
18,041293 28,096754
17,369207 28,297010
16,500407 27,902557
17,274738 28,340605
17,136827 27,919330
21,255570 16,613907
27,784671 14,133176
17,457263 28,838016
17,887817 29,842985
17,225483 27,615812
17,599712 27,451085
27,077664 14,590753
19,333244 28,389903
18,353768 28,665973
18,225598 29,011860
18,922022 28,818092
16,525641 27,854149
17,399190 28,826386
18,554993 28,149071
16,854394 28,673810
17,945909 28,895072
17,033027 28,389660
19,938534 15,961504
17,315604 27,435303
19,347617 16,633455
17,656552 28,297243
16,752071 28,187322
20,551566 15,912451
17,839865 29,172408
18,685650 29,346650
21,006491 17,878782
18,322008 28,043914
16,912045 27,390331
18,671024 27,278070
18,180867 28,392666
17,728105 29,263832
17,840749 27,942798
27,601032 14,174578
28,472383 15,161174
17,057771 29,369621
18,278955 26,328675
18,507651 27,187402
28,197868 16,442376
28,319944 15,649370
18,493699 29,497748
18,603886 28,080972
17,359757 28,785734
16,655154 29,489429
18,515471 27,644638
17,938605 27,535289
18,126945 28,073337
18,765598 28,139395
21,172167 17,791544
28,016854 15,455068
19,900053 17,407913
17,620794 28,406016
17,443310 27,988219
18,212483 27,234431
18,826889 28,875549
17,174610 27,343435
17,292029 26,938598
17,098782 28,325004
17,746430 27,798524
18,289714 27,643856
19,148975 27,926913
17,159416 28,724135
17,552925 27,567027
17,903095 28,560304
17,422115 28,811680
20,070779 17,883850
18,335040 28,629929
28,297199 15,266418
20,614608 17,705233
21,219450 16,535870
17,014237 28,091549
18,251651 27,098717
17,724261 26,469851
20,461169 17,741754
18,494811 28,620882
21,290547 17,159598
18,450063 28,696825
27,299259 16,241853
17,425292 27,216430
18,455339 28,450404
18,280398 27,684574
17,212832 27,529787
18,379819 26,985426
17,855138 27,365357
18,150035 27,780231
17,755659 29,026312
21,061149 16,979753
22,218275 16,380778
16,368697 27,068616
18,807615 28,452996
16,602205 27,564898
29,161564 14,694666
16,656701 27,078367
17,885872 28,168004
16,622700 27,856491
18,566914 27,249120
20,811696 17,579912
19,523658 17,059708
19,123701 29,382832
17,908817 28,354450
28,523165 15,706724
18,350977 27,373606
18,877278 28,801394
28,320585 16,175613
20,834151 18,110407
18,507040 28,084899
19,150154 18,438706
19,593647 16,816046
16,892475 28,901217
18,084164 27,139251
17,896396 28,507157
17,538691 28,707609
18,427456 27,552798
17,181357 27,652576
19,660370 18,404822
17,103518 27,881461
17,220291 27,734130
18,126054 28,893862
17,098262 29,948910
20,170192 17,358248
20,367287 17,603331
20,496282 18,709255
17,467058 27,752461
27,304160 15,425116
17,877156 28,495132
28,158212 15,702598
18,060125 27,977038
19,779663 17,924043
20,774806 18,173425
28,147769 16,881536
17,274851 28,087610
19,244256 28,264959
17,105958 27,991306
18,344264 29,428551
18,151949 26,198147
19,753776 16,465681
17,155679 27,756360
20,436707 17,645087
17,615834 28,543547
17,687568 27,815009
17,714340 27,101022
16,949529 28,501979
17,178961 27,916280
28,145373 15,490500
21,152115 17,907093
17,137938 27,004900
17,415296 27,603568
19,888803 17,961252
28,999772 16,740403
17,707036 29,449443
18,131536 27,834069
26,965279 16,137776
28,635638 14,299401
18,384146 27,992673
17,827157 28,676680
17,454852 28,152031
18,032624 29,067994
17,429581 28,371274
17,851410 29,294694
18,761175 26,979119
17,217370 28,572830
17,953154 27,706395
18,816356 28,472332
18,576085 27,381367
18,127848 28,497785
18,019484 27,321452
19,206827 17,055206
28,953590 15,422596
17,796508 28,074304
17,363212 28,665477
18,059973 28,997225
16,858090 27,464227
17,574929 29,006545
17,352887 30,009299
27,577371 16,088505
17,968374 28,147565
17,754144 29,456337
17,364791 28,366960
20,713445 16,954119
18,481770 29,011852
19,614466 17,911445
18,269673 28,824575
18,163352 28,880186
17,161651 27,161337
17,676908 28,697354
18,960359 28,271586
17,730524 27,719972
18,488840 27,914091
18,632449 28,274348
18,169283 28,803949
18,064941 28,529125
17,308238 29,939187
20,832503 17,355728
19,713248 16,864213
18,581713 29,536184
18,177163 29,146559
28,402232 15,908276
17,167632 27,247445
17,668859 28,673195
16,933105 27,996608
17,915019 29,883465
17,260700 28,282603
17,889639 28,585630
16,731622 28,201949
20,391089 18,121562
20,634242 16,851536
17,625231 29,280359
16,770903 28,157298
27,776706 16,430187
17,490437 28,599776
20,807212 18,055007
17,590942 27,995660
17,297537 27,652900
18,329380 28,380072
20,477836 18,243579
17,094251 27,452994
16,704965 27,645197
17,452566 27,836619
18,053598 27,635349
16,981185 28,802559
17,530134 28,039607
18,155563 28,642417
19,922529 17,968110
20,343284 17,552439
27,242953 14,963976
17,842869 28,920876
17,092025 28,857555
27,211798 16,851042
18,528757 28,091151
18,266193 28,300477
17,974162 27,354888
18,185240 27,665553
28,622612 15,744137
17,268331 28,066833
18,984541 28,546098
19,819983 28,473257
18,964264 27,817091
27,029586 15,578600
16,597139 27,147054
21,186478 16,985478
17,906614 25,879772
17,983504 26,492831
17,705118 27,490026
18,101115 28,213507
26,583522 14,772837
28,919210 14,814645
17,886586 28,426922
17,342866 27,451300
17,936818 28,716538
18,029135 28,197804
18,339485 26,367009
17,211127 27,691797
27,126142 16,048028
17,483576 29,568949
17,754874 27,804126
16,420981 28,324314
17,818500 29,203251
16,741319 29,266249
19,874321 27,839817
20,586416 16,687448
19,569312 17,937935
17,283476 28,672912
27,460366 17,120971
20,515003 17,316644
20,913704 18,875209
17,594157 28,683764
27,581668 16,609362
16,417435 26,977643
18,861407 26,279375
18,076733 29,265766
18,254348 28,779857
21,102238 17,412207
18,180749 28,646969
18,262799 28,934456
19,256015 29,704205
19,711737 28,661675
18,200150 26,986066
18,096047 29,190385
17,971294 27,445190
27,809902 15,007323
17,110868 28,760535
17,235535 28,505369
27,748271 15,441683
19,464619 17,056916
17,393728 30,320142
17,334172 27,976086
16,740283 28,980713
18,496777 28,365019
19,639715 18,065719
19,506412 16,583507
18,000858 27,354156
17,310925 27,166714
18,509546 28,687409
17,328440 28,559849
19,226239 27,426321
18,356740 28,981859
16,869028 29,235451
17,085799 27,989997
17,361233 27,280793
17,583582 29,209106
19,965983 16,293646
18,123976 27,927201
17,664315 28,600406
17,402780 27,528351
19,337627 27,364254
17,666573 27,932862
17,531511 28,631807
17,133149 28,638391
18,216741 27,232755
17,770142 28,607797
18,868390 28,163494
20,010136 16,792469
18,675081 29,309589
18,389495 28,085229
16,742405 28,418919
17,797673 28,600396
18,468408 27,932414
20,533872 18,167611
20,420545 16,767655
20,668768 18,075371
28,670533 16,351728
17,559443 27,915015
18,965344 28,244257
17,587200 28,545906
18,341238 28,620987
27,010199 13,866793
27,813013 15,427920
17,994318 28,792942
21,620417 17,406642
18,090277 28,801068
19,277682 28,514849
17,993410 30,025073
17,994630 27,665880
19,285982 16,311554
18,948791 29,105433
19,839574 17,110980
17,609734 29,223892
18,475160 27,133191
27,073469 15,112200
16,798279 28,226700
17,735067 28,488948
18,649826 16,814703
18,601309 27,677745
17,441843 29,512667
16,921324 27,037896
18,015281 29,372685
18,093753 27,252300
27,241684 14,881306
17,610374 28,909499
19,378141 27,713169
17,770549 28,110639
19,338611 30,066283
18,708504 28,177614
17,458776 28,604319
17,993316 28,064444
17,184307 26,830929
16,202251 28,782522
28,259910 16,221181
19,376385 18,280019
19,649935 16,651208
17,362272 26,055981
18,876785 28,081176
17,776517 27,750082
17,629889 28,266000
18,621742 27,967534
16,977676 27,446040
20,202865 16,610673
16,791185 27,464737
17,698523 28,475444
17,467490 27,654016
20,685406 18,187649
27,660575 16,497915
17,971577 29,061390
17,393383 26,722722
17,521874 27,665349
19,075619 29,657666
17,651805 28,100286
18,495250 28,868846
18,651099 28,390483
17,879130 28,022424
27,488052 15,079711
27,863560 15,366461
27,985515 15,994125
18,399194 28,144358
17,871423 27,842845
18,656971 27,797999
18,450172 27,664473
17,894044 29,342642
19,301158 29,058518
18,380251 27,314037
18,787860 29,457553
18,411737 28,553981
17,824092 28,202953
18,747093 29,135533
18,026579 27,831779
27,762084 15,668764
28,125379 15,121274
28,415743 16,501773
18,399024 27,949772
18,044391 28,257351
18,192050 28,066303
17,725422 27,793947
18,090647 29,592966
19,091827 29,306509
18,008874 27,094368
