-5541
-4850
-4458
6471
-9627
-954
453
822
-551
-5593
9427
-468
1206
-7365
-1565
-185
2955
6724
985
420
-905
826
528
-8124
-3165
-379
623
596
-2738
-9604
-6385
2992
-632
5977
679
-9375
-9190
-2329
272
-9612
281
1145
267
-965
3175
8670
8654
760
-373
846
7860
-1145
-782
-588
-3331
201
6229
6101
5591
828
-301
6446
2921
-1605
-5642
-1897
2026
-2036
407
527
-957
-2665
7254
634
-598
-6384
-241
401
9887
8701
705
-7175
572
7193
5868
5027
102
5501
-525
-4468
-220
-540
-4898
-2583
6519
-385
-4096
344
982
140
-161
-885
488
-877
3619
1759
471
-956
-399
2505
-9670
182
629
866
204
-896
9879
9789
5148
283
-5704
6889
186
-814
-6565
-8199
564
7283
4463
-807
5642
-6166
5286
778
-497
-570
4993
-490
5438
-2607
-3675
-139
368
-720
-988
-8682
-4065
742
-2713
-7938
1378
-831
5929
-858
-614
-682
297
-463
-8684
538
-714
2306
200
379
-1134
2434
-7441
-351
-447
956
5655
3694
2636
4566
3207
-603
1361
931
-352
-3195
233
4218
-643
-9465
-386
984
-659
-6908
-469
-459
6145
-836
2797
-8062
7389
4613
-9128
365
2978
-2178
-137
-344
541
-9585
-2673
5538
-9470
1286
371
-231
-574
-8056
-2872
598
-2345
-390
-868
835
7005
-9426
-2824
-2406
6690
-6451
-7589
-8343
4308
-5278
7804
2570
-623
-196
-287
371
206
8820
972
-440
-875
-6889
492
-772
-1603
-464
-5247
-1892
-4207
-6059
-999
996
6880
-7758
1173
-583
-7894
-4633
-2141
527
6585
-361
-6680
-387
-9317
-8583
-841
350
3646
701
-405
786
7588
-2954
-4766
443
-528
-555
3063
-6139
8694
-723
3081
-9481
-7600
-395
952
9490
-9726
-460
881
3244
6206
-239
746
8296
-474
3550
829
-772
1722
-551
2948
7450
-242
720
643
7987
854
-388
-238
-1786
4170
656
-138
-300
-1468
1697
-817
-3765
2454
-4800
-328
188
542
-903
180
-1675
794
396
-723
7073
-8978
-9457
7849
336
3785
-3666
4785
-685
-369
833
-2361
-9603
3609
-1866
-464
-151
354
771
897
126
-720
-5419
2116
9551
-802
200
-4929
499
-9771
551
397
-4825
573
735
-1869
862
7593
4743
4686
1513
650
9667
3188
858
4682
-5803
-5352
-272
-120
456
4619
1958
-3097
8056
3634
3505
786
988
421
-4326
-931
-218
-5668
-1263
9702
-282
-7965
-175
741
834
9784
-3454
349
2634
357
-663
-509
-1470
-242
307
359
7797
181
322
-371
-4845
8003
-8095
-2209
322
-760
-3546
-563
118
466
7692
-917
835
-8470
-5035
5704
1410
2527
-614
-9668
519
-7841
-104
-2620
-809
1024
7142
919
5020
608
-941
-2564
-453
-9685
-7032
9639
-5325
-3259
-367
363
8253
-8310
-324
6789
-895
-137
-204
6540
-829
-786
-339
-1609
-1910
1575
-6459
674
-554
941
167
649
-9716
-2584
764
686
-496
470
8786
2017
500
4240
-2510
583
1989
266
425
187
4322
716
2942
-155
-5936
729
250
-104
-8024
-224
-2024
249
5272
-165
885
655
-2059
649
-748
-8323
-663
7400
-5970
375
6967
-407
269
-334
4539
-269
-784
1345
-971
-569
-2023
-3749
299
-628
385
8719
914
397
7836
-5158
6267
-7718
-2773
-6876
228
6629
-7689
-9748
6153
2340
5581
-825
3591
438
4040
8425
2261
-602
-6077
-485
-1437
483
-372
329
-503
716
149
468
-7444
-3572
-715
-9038
2626
-715
-2623
-9191
568
-3401
881
-121
-216
317
-802
-346
-160
525
-555
6188
1140
6619
1441
815
-4673
7655
2187
3454
-551
579
-871
-9606
-774
-7809
982
-9707
-161
1216
-885
-280
402
-399
-563
-5395
-395
623
-3964
-382
-6887
475
2274
7684
9163
5837
227
-1707
-419
651
460
-138
-789
7834
-5734
-5106
-273
-5128
1316
3908
384
8930
-731
296
-8291
-6507
7158
6389
-4146
-746
-219
641
6583
-8856
-3707
-6217
-680
-247
-9293
612
4182
-1312
-7309
5737
-4348
-860
-864
683
8859
8869
2705
-261
-234
-378
370
-292
-6085
122
-915
9848
728
124
1420
-3632
9858
333
4246
-681
956
-748
992
-8432
5967
7499
391
-6499
-520
-513
147
6117
-126
1004
3297
8364
7522
-240
-316
975
928
-521
-905
7583
290
-8406
-6955
125
-9332
1185
-1149
835
-755
-2457
-9183
557
-112
396
2280
-381
524
-8737
3063
-7051
9606
-465
296
9595
505
3346
-4923
-531
240
-262
-831
556
454
-331
490
-173
338
-968
3465
650
319
-241
-3339
-120
-121
993
-3757
-4531
1344
-634
200
4495
-6824
-2204
-774
9580
759
7784
9457
612
8056
392
314
5049
9924
-9845
-558
-243
-2453
-465
-994
-6457
7645
774
638
-523
824
-3780
8377
811
-188
-8546
489
-195
226
-309
985
243
2802
-9246
449
-410
-181
-434
5615
978
375
-3390
-737
8142
260
857
319
-677
3625
160
-2450
-9817
775
438
-682
-7781
4608
-725
9093
249
421
621
-6009
3457
-537
-152
-218
6719
-6148
-610
447
7037
-6717
-488
-544
548
422
9403
-1476
-361
-932
355
8108
-291
-733
5104
910
1681
-9490
5114
-936
-9950
432
442
618
-1193
132
-4321
-431
9556
-978
-1311
-818
2122
-9760
783
-515
-3993
6470
-2980
428
9196
735
274
-4993
598
-5031
-193
6315
-321
2051
271
-2791
5427
-5200
-9871
6095
561
-883
-9632
-8338
588
-229
337
765
-420
-3630
-8715
-571
-6884
1821
-440
-839
987
-9497
-559
181
601
254
5468
-493
-902
9467
5560
9268
-2345
-6817
6067
-257
251
-4424
164
-613
-951
2894
2888
6794
6305
8174
196
-8879
-9175
-819
8101
-6029
3539
1415
851
-3805
1052
520
125
178
-8192
101
957
7567
-8100
221
136
5001
-3512
-631
-4534
315
-4062
894
626
109
-495
-3359
-7717
-7272
-3577
505
-312
-3421
-596
-6602
7251
-6685
697
-3939
-806
8797
-6682
1547
-588
-755
-625
4306
-2795
4299
-435
-229
9864
4295
2203
9836
-322
2827
555
9757
-6329
1374
-777
9144
-342
-442
9669
-2872
965
-6499
3020
632
-389
-724
323
192
4688
5841
-834
566
-333
-4753
-4471
5171
-576
9423
-2307
880
-9530
-371
-2623
591
4129
-739
546
-111
2138
6229
-3519
718
7111
-224
9612
-4025
-1097
5246
8941
565
525
5314
-3706
776
6086
231
2674
-758
495
-502
-8549
-1626
1338
2277
241
963
2182
-8353
-3312
-867
272
-316
-141
540
-1229
-933
-904
-833
-6414
769
-1779
-557
-362
-366
858
-6034
-5365
-945
162
-8272
501
1970
-961
570
-6531
675
-7276
-3836
-7048
-606
8180
-636
-809
665
-981
-144
-369
-459
2753
6954
9547
-242
417
-1383
-3807
-589
8291
-9289
-602
-1013
863
-762
333
1340
-990
9815
-917
-502
205
7349
-138
-990
6616
-9112
958
7362
-5667
-397
-737
-996
-880
923
844
-958
515
-1637
1480
-9349
9649
231
933
-1010
228
-921
-644
400
-819
8709
4416
-7795
-5126
840
966
560
2116
-967
3960
537
8092
-598
575
-1822
-9778
460
-694
-359
-900
864
-2553
-933
6609
-2452
612
-418
363
-369
263
-455
9796
691
-605
5342
4027
8902
-356
2197
5660
-746
5609
-8083
-9866
-7427
-407
-357
-945
658
6177
3920
166
147
-7085
-537
-877
3906
529
-8652
311
220
-6059
2414
3596
-5869
1855
9418
-2779
-601
-8155
-640
6545
-3446
-314
-6900
-657
6896
-9053
-392
-660
6049
922
469
-9025
-1548
-2742
-964
-211
641
-452
702
2918
-373
-5906
-1214
8203
-815
-4971
390
6378
-399
-629
2804
157
999
-524
1443
132
-8011
748
826
674
384
695
-994
2009
9820
636
-138
6837
2470
831
-236
287
8600
3914
-8662
5426
520
4299
9934
256
740
415
-3779
6279
-624
-7863
6465
-5199
7755
1107
-6902
-460
-407
-517
-3403
488
234
-257
619
276
4288
6431
6062
-2026
775
5154
268
-481
-987
787
3204
-5859
-816
213
-989
102
611
-9188
3051
-958
-6557
9943
-6334
-5782
515
-8979
478
-3469
6756
3437
276
-336
-3748
447
8200
-608
-456
-1968
947
-879
9814
-3907
401
-735
9323
-2326
2142
6213
9861
7063
-779
-811
-4226
5943
-700
898
341
335
3453
250
-332
809
5054
818
454
464
-834
-2445
584
-4220
-4517
-367
-773
-324
773
-784
-8064
7425
5110
8478
-903
8830
-398
-2779
515
5018
4588
361
-8109
6514
-7523
787
-6916
9414
5988
619
315
-294
9649
7797
-486
5141
599
-423
-464
1660
5309
-259
-7311
9826
6261
-575
2706
-783
-1530
3910
-9263
-7245
4744
-3808
6111
160
-961
5816
-6829
-648
1222
242
850
-653
710
2400
-136
-987
846
-138
-3381
7438
-3130
920
390
346
8072
8003
9640
1923
2892
7707
5494
-6153
-750
-7723
-758
842
9548
-4773
750
-321
856
-471
505
553
-970
743
-703
3988
-221
-891
3778
-150
8812
-2284
902
4243
4505
-409
1953
-1796
3800
6926
582
-8126
-9987
9510
9670
-9075
844
-819
-508
522
-320
407
120
727
195
796
-624
147
-401
-777
-7110
5108
-3600
760
907
-6585
-361
6460
746
415
-7132
401
299
820
709
1880
-3928
311
-1423
4175
176
-5885
1398
6007
3315
430
4923
705
6884
631
-4116
7167
240
738
9409
-607
438
603
160
-7345
596
541
-8490
7396
4034
-963
1200
-578
-2466
990
-938
1283
8626
931
-756
-970
-6167
-4625
-200
-857
3711
9719
-837
-597
-497
-6559
5762
217
-6832
-8903
-336
8801
-232
7666
-8044
461
416
745
-2022
-764
9395
8586
168
-5922
7364
-713
679
4882
187
-7640
374
8846
5038
-7314
-6544
773
476
4539
3098
976
689
687
-263
9873
-7829
643
765
861
-515
169
-426
-3633
2395
-3153
3260
610
2995
4781
-100
9804
887
-859
-4854
315
255
2745
-3654
5773
917
-2229
7919
-987
7309
-7816
-169
817
-3602
-690
607
-2937
725
147
1115
-5482
802
8358
2022
-875
7811
-9053
569
-1165
759
-257
225
994
556
552
-483
-1794
-392
-7518
976
7073
1688
-1039
547
-794
-5236
-5869
9031
-8319
-814
8838
687
-1377
-576
-618
5418
2245
-2564
-7835
-505
238
4774
-134
-9044
-5680
-4189
2210
-5991
324
-7285
7494
953
985
-6366
4016
-9712
638
6641
321
702
681
909
-771
247
9001
-6591
430
5968
-332
-703
-799
450
-199
-5765
457
-281
-674
-184
-720
-850
3521
-5694
9997
171
-6399
-7128
-675
342
743
-377
111
996
691
-827
825
-356
-170
4389
860
-4986
5301
-203
666
-1527
720
-9352
-866
-214
-702
-341
-9152
754
790
-197
518
-7953
-6496
703
548
9710
2893
-299
408
480
-4153
7738
105
-1341
-370
998
6625
5932
3907
2915
-785
438
211
3092
552
8582
3535
5521
-5420
2314
1478
108
4081
-2856
-4601
377
940
-1608
-731
-3959
-9166
467
346
-4267
9900
648
9836
3933
-7833
-950
-9627
2351
1300
-845
8734
6472
4147
9254
8979
-2467
-545
5301
-280
3099
5512
-7367
753
7341
-114
-253
7957
-3477
5302
-1252
220
4635
-1352
-5934
-296
669
8660
976
-5832
1425
-4460
-5759
-8158
-133
-9192
-5072
356
415
-129
223
522
-494
975
964
406
-5446
3260
-924
8054
-902
-3930
5558
252
898
-690
502
-7427
1052
4141
-2828
5654
593
7564
7764
8114
765
640
-353
-508
-2061
846
2939
113
-2102
-115
778
-126
1143
-114
9139
-658
4927
8310
-4654
2412
899
-2758
-603
-6528
-2874
-9600
548
913
-9406
907
-3898
3688
-249
-4589
319
-969
188
-463
6356
-921
1813
1736
3205
-485
-433
2431
-4956
331
-3275
-954
-525
-776
721
9737
-2030
-1410
-7879
512
-530
6239
2044
7353
3626
5512
7095
-9100
-174
-6363
386
-3601
-6207
353
-4689
920
357
-8712
548
-675
164
324
917
1565
4452
-7102
833
-703
3270
880
-727
3301
7168
-219
8984
-1052
-830
-4319
-6011
2520
-762
568
807
790
-2398
-857
-404
1168
-4322
856
992
920
172
-7862
-271
-479
2071
301
-1804
948
-291
114
-6672
753
4505
7558
-6904
-286
535
2571
-935
-553
189
-6314
-433
8562
-884
-1911
1004
-257
-8847
4040
-303
9525
-761
-160
9768
963
6989
6275
-2467
-6000
8984
6919
-3140
8594
119
6504
973
-789
632
249
-2688
344
-110
-7016
-460
-280
119
-9335
6613
-2741
-877
-666
-8058
-2240
641
3362
-522
427
-8204
-9725
-3625
-7340
-501
-8217
-4343
-820
605
-2288
7145
7128
935
-880
573
399
-148
208
457
6861
942
-7488
880
-8189
1030
8654
4868
-531
-3776
3084
900
-3580
-760
-137
-713
-5382
-502
-7557
-185
-252
-538
-4037
-4308
6695
-3344
-8239
526
307
-8293
-722
2564
423
4124
123
1523
5453
-687
-311
-1298
6328
-807
964
-7654
-7531
5357
9535
7002
125
-678
-8540
-446
-7645
-733
178
2291
4609
608
-2239
-5152
-692
-680
539
804
-948
112
-8765
6220
2004
-839
4916
925
-5858
5158
6741
-5985
5033
-2393
970
-7983
886
-340
-8912
117
-724
-5286
-7504
-936
542
8839
-3241
-3900
493
-300
-2164
-6130
957
-760
-2651
8593
895
5159
-488
-626
-7894
9478
-4300
8803
2424
144
509
1290
7779
-403
-1993
481
-3887
2439
-3041
882
327
278
-207
-4544
138
679
9443
9661
4317
-512
830
629
-8923
-9636
7826
-665
6590
297
-315
3166
-342
-727
-474
-225
-3252
-8819
-156
9148
-822
-2606
4754
8178
-884
-276
-381
7824
-307
-4385
-537
-932
-2952
-7109
-913
355
154
-4565
7216
-6632
6858
-789
285
6455
-855
900
-4087
668
-3376
656
-7159
369
-690
-4420
1837
-817
-4479
-8801
3436
6549
150
765
-6195
5591
-5211
643
-9914
-8320
4248
2402
942
-193
-467
8442
-343
1545
363
-789
9560
458
-3697
-6141
-5835
-2225
-9836
5183
3737
9293
-9341
-783
-858
3175
5235
194
-291
8596
-955
-2087
-6225
-5081
689
-2948
-895
-301
-690
7472
-1763
-5634
-8664
-4552
5324
723
8907
474
1179
-6773
-9414
-877
-2216
-813
2577
8481
-316
9041
-543
-862
-542
1974
951
-831
-4056
-766
-556
-1423
-631
207
-708
-2692
-1172
918
7513
830
1107
226
397
-268
8360
-825
165
-7487
-939
-843
9591
-345
299
-9958
7258
6289
625
567
9291
-252
8523
4447
-987
-8885
605
-643
-9835
-1209
-733
859
-6603
4841
6618
-5361
854
1475
687
6179
-632
-651
4538
-771
-285
815
-400
-361
829
5111
-250
4710
-5449
-294
-7225
-9961
-738
-131
-7757
720
-764
716
-5319
390
-7980
166
-362
-1834
3616
7367
-207
2315
6528
510
8314
-130
-539
778
538
-610
244
-526
3772
-1953
-262
8173
2063
870
1108
105
421
-8222
-3434
-237
3018
475
-7871
-8568
7489
-316
7592
8323
-695
993
-728
7759
-502
-4190
7887
666
7150
5611
824
9927
-9537
962
8906
-6308
6067
537
-924
-8099
4081
6052
-156
5040
-414
-1756
-488
3857
-424
-613
420
760
-228
-6708
-456
-5849
-7506
-2891
6378
8635
-779
-156
-250
-338
-1994
8222
-341
3389
-8004
2497
3135
-552
-532
-206
-165
-738
769
2259
823
-523
413
472
-232
-5155
105
426
-7070
-6495
-239
126
309
-952
1111
-963
-211
-2352
8149
919
-1674
-9475
-580
7898
437
-9602
-898
3738
-404
-526
-314
948
210
-401
360
-8303
-1884
524
-477
750
1396
9230
582
4113
-648
-851
6737
897
-2369
-6917
973
-323
-434
-667
8345
-187
-6739
611
8249
8818
-506
-975
-2585
-166
823
7872
-2023
-7327
-3690
-942
4077
134
809
-8776
-7711
-9496
-3538
1697
3666
-5699
-753
7602
7133
213
-4152
8186
4171
-316
-828
353
-8407
4873
481
781
7857
-947
-6204
-5958
-605
-924
374
-818
8925
409
-568
-1766
-5650
641
4130
-814
-858
-1813
-886
1231
-135
-8904
4457
7115
-175
-5723
298
2160
4251
-219
-628
-4516
595
355
-9743
-1937
-9778
-309
-326
1569
-916
7173
2605
814
7757
866
-2901
-2959
-8756
-2178
3599
5936
-5460
-197
-5839
-970
-540
-6056
3556
5190
677
-6933
-354
-334
-661
6645
1729
-2944
-7771
-2607
-9242
-904
-429
-517
-196
7169
825
-9617
4890
-157
-931
-2948
-4172
-547
8130
291
3667
2910
706
-835
2197
-959
-316
-1872
637
-178
-703
-322
-808
6379
5324
5718
-6046
9039
-7734
-782
8576
635
-627
-160
-682
5118
992
6253
-8498
4133
820
-2995
-471
-8445
-611
444
1912
326
886
4112
-3234
9074
8668
9723
-774
398
566
-506
-5437
-961
-5933
-619
-6629
594
958
1981
-1624
9772
2138
-735
-8896
-5933
-218
-7095
9189
2885
2998
-9859
913
471
-716
-8619
-7229
767
1045
455
-9294
1150
642
304
-778
509
-7054
6518
-1614
-7409
-983
-8794
7642
498
-894
-983
-9676
-392
507
854
-813
-5818
-8799
-480
-819
-841
342
976
-6311
-8604
987
4142
-539
9394
8977
936
-6100
-8582
-769
7783
325
346
3609
997
736
174
-5026
-529
-813
-622
-494
-208
-8537
3461
-5614
-9586
-559
-9308
-3082
-820
6306
449
647
679
-8331
-434
-9337
598
3520
-2341
637
-247
5772
-9594
572
-265
-8343
1841
-238
-9435
-101
833
-4578
-8569
8669
-637
-349
-314
8597
872
327
-487
2935
3013
2831
390
4707
161
985
-9204
9870
833
1904
339
623
-668
626
481
4571
2945
1477
3844
-998
-108
514
577
798
-293
-257
811
2052
5368
-657
-457
7200
-238
-8824
4048
-4628
-7340
7810
-679
7882
8786
-2743
-264
-8534
1594
8361
-369
890
412
139
-234
843
151
-8143
8328
-6100
-299
-431
3568
205
882
-335
542
2494
609
576
-7534
3956
2603
-832
-891
908
680
154
410
877
1859
-4966
-7704
860
315
8091
-650
-5887
477
-7880
-211
-333
935
-501
-262
854
151
-9716
8984
4807
-5831
-1011
6919
794
131
-289
9455
2981
988
-889
-770
-936
200
7387
-722
-709
-6593
9005
8614
365
-566
-7449
6096
-827
7561
-627
-8547
-3107
2693
-9181
385
-867
-570
9561
-394
-1308
-285
895
382
-9051
-220
-3448
6661
649
-544
-8627
4580
1600
-9823
2475
556
-9039
-4972
-138
-4187
-242
9835
-1204
-4134
-341
598
3780
-315
338
-678
-1122
-490
-3250
-309
-7885
565
425
4552
-433
-7954
-115
-4826
-303
859
-8067
-757
-9618
-908
280
315
6374
-6536
560
-4634
-1851
866
4685
1084
7988
-1832
-5168
-103
-956
-5772
239
-2807
1325
6539
598
-524
3660
550
9215
-961
-6230
120
813
589
946
9350
-7793
302
-970
6896
377
545
-147
4523
231
-8565
-757
-2342
223
-2074
-3969
864
-2923
395
818
969
-357
8180
763
-2945
637
-1662
290
-7998
-2415
-3486
483
3927
-711
-6485
202
7373
182
-9490
7482
-558
-217
-964
642
-7878
-960
-1939
-214
573
-9171
-2133
-1005
-120
7775
6140
-5303
455
-613
-7005
764
6796
377
809
948
3416
4893
-326
-446
-432
-2811
714
-5832
-103
739
-561
-866
747
360
8555
441
-807
-685
-6488
-930
6305
-6065
288
315
6321
4709
4344
-3377
5336
-886
6584
855
2788
-4357
9294
-8882
-5375
4829
8943
647
365
1236
-585
-1065
-836
-912
-542
-190
232
-4180
5354
-999
-847
319
-926
-794
546
939
-944
373
9608
4909
7491
-7404
-468
-6918
3138
5133
-5564
5864
-4419
-6740
762
6715
172
-8411
-9072
523
-959
462
527
458
888
180
-8174
-661
3010
5578
8441
-728
796
1038
-4209
904
313
649
-4330
1869
-5909
312
5327
-4979
109
-664
-395
6133
6747
-1476
2889
-829
-7936
283
-806
695
-985
749
6696
-8926
-5610
1859
552
-218
229
2097
-995
-884
563
-1811
-2186
-201
-185
4985
7103
674
643
-581
3186
3261
-6468
4705
301
-4615
-521
7731
397
-7098
1550
-451
-565
-7677
4111
-9353
9670
8273
-7675
-7386
-807
403
3126
8168
-7393
-6694
-2148
-972
2462
-9103
8625
-588
-2619
-192
413
2355
104
-846
3181
313
6077
-352
7969
-847
9183
-776
-922
-291
-834
-821
-6008
225
1599
-782
3904
-9721
8520
-192
4955
717
976
-5437
-6806
-730
-918
871
-884
8485
-698
-506
557
-552
932
977
-4378
-969
7844
-939
-595
337
-203
441
185
-6790
696
289
-3609
-729
439
-5950
-976
571
2867
2539
-6707
2638
343
-4699
2360
-332
730
-276
2446
7218
-240
-102
710
6116
-7307
-348
-7874
172
-920
-1357
2651
9741
452
-7442
-934
-666
-9427
-584
-625
753
-2728
3818
-773
-135
4109
-782
2307
-9466
773
8926
-860
-181
147
253
-263
287
9220
363
6719
-733
-5616
-509
3634
1445
-4350
-912
-743
315
7490
-942
-8414
752
-8432
6817
303
-8437
473
-8906
-6811
-4300
-6083
2371
286
7433
-1802
-3978
-3958
7685
602
413
-236
860
-7892
498
1120
144
5633
5518
963
2023
-111
-971
-614
-8445
1227
1374
-2543
716
4503
969
9371
1839
392
-7340
2388
710
-334
-470
-148
270
-2192
1490
-4102
896
7364
312
-406
-758
-3155
7915
7243
-2314
1526
-229
-476
-8758
236
460
4414
8406
698
-3770
5596
354
559
6102
-2647
-731
1291
4462
-994
-6729
9062
865
636
303
220
-622
9207
8843
-678
934
-468
965
-8212
3046
4893
7843
8778
7338
-717
-8479
6548
9163
4729
-485
-1622
-463
-422
621
6714
-231
577
-235
-225
-4268
-7068
-7993
-965
-519
962
-673
938
696
-5639
345
-340
706
1823
6953
-2990
617
8047
-2733
151
-2226
1541
333
-251
161
7412
-1954
201
-2239
-310
-169
778
-7721
929
720
-4533
-153
1524
1094
5550
-6863
-687
-2294
313
-941
-287
-9306
-7457
-864
-553
2769
6795
321
-673
928
8868
482
-2952
820
-7514
-8796
-174
-850
419
2837
-8012
513
-7951
670
662
741
-920
-232
-3824
156
-710
752
2940
-8307
7666
-2489
1907
-544
855
-336
2291
964
-854
1868
-3609
-149
815
-611
-369
9157
-187
664
978
316
-725
7184
-289
8765
-4638
-579
9634
-1374
4656
625
-2001
222
592
738
-565
-6038
-507
-242
130
-2217
4388
-4529
-827
733
7898
470
6520
-156
-432
635
3877
-915
6149
629
603
289
117
5047
378
629
379
9628
-633
-2348
529
-512
360
-126
774
-9053
-7883
-6477
-8337
-102
8368
2483
-216
-588
-8818
-6119
-6236
580
-360
5379
-308
-1803
6474
-2700
9659
-352
2425
-2472
-875
3996
5063
-4627
-659
2997
-409
436
-638
9636
622
-321
-6717
-897
-888
-714
-881
357
5131
838
-246
3754
893
883
-5960
841
-611
-749
5859
-951
1768
-8749
-618
-1967
838
7762
-5294
-593
475
-327
-406
-9844
3249
9760
-5107
-441
398
835
-493
-7582
-260
3238
-397
-6917
-5206
-512
781
-288
-245
148
-187
-116
789
-4584
4317
-3042
480
376
2750
8941
763
3508
1890
492
-1415
-9233
-393
7908
357
562
1895
3409
6427
-4927
599
836
8578
-1661
-6242
9592
-7825
-6024
259
-309
9167
893
-6034
-921
678
3382
-637
-279
-755
229
6179
-682
846
500
4398
822
9590
7878
496
-7555
4825
591
-786
8267
715
-707
-671
-8636
346
-841
7932
-6839
923
9439
6027
2449
194
-488
-956
-359
-4784
-6171
-227
7345
-609
393
-311
-5512
-824
-746
-381
-2953
-7472
9110
648
8205
607
-730
2582
-6357
8859
8471
-234
621
906
6997
-2374
-880
6029
-3861
2258
-8264
-3465
-7877
3513
-3726
496
966
-325
6055
6837
-385
-5953
-3968
-488
561
-816
-708
9164
-1784
-5661
-712
-554
-764
3165
-6240
-2934
424
3238
-3100
762
-7841
561
4322
-580
6432
-5923
254
571
661
-519
-1101
-863
-2274
-2320
738
-4263
-516
-913
-578
4278
811
-2926
5220
502
778
249
7566
435
-9957
-580
2018
-1895
9869
4896
-605
755
-9565
831
-267
2494
922
274
8370
691
659
-6926
2537
881
-7312
867
-1998
504
6148
899
360
2799
-862
3818
-449
-6304
423
-6400
4564
-871
9931
4990
8821
-3713
3353
708
-7566
-8358
456
-7860
109
6756
620
465
-1689
-4930
-463
7178
748
-893
-258
4793
-8980
-5603
4581
-1609
-812
794
-8611
-207
-491
-442
465
-5772
-912
6368
-880
-899
-3763
-374
747
9078
5967
1797
929
-7725
-5023
439
6225
-3253
-700
539
3214
413
5014
-8788
-610
-933
3104
8327
-4711
764
9414
-4374
-2332
-439
-7763
-625
-757
-8313
-563
-2282
662
8731
-557
-768
2903
340
-952
-4341
8582
-556
2331
968
-749
-9452
794
6909
288
-504
604
-442
8114
-223
3034
-2124
-227
9214
628
2936
-372
-5463
-5229
-7494
-219
779
-2373
533
544
845
4184
-4320
-965
9198
828
-331
391
654
-520
803
-5183
6457
5148
-5138
236
1420
6883
9433
-517
529
4349
-9221
-322
-972
-974
760
326
-705
-1604
-807
-570
-4791
-3210
7605
-2166
-889
101
5905
2180
-167
5677
-513
837
7736
1820
960
8118
-599
603
156
9040
549
-6205
-395
878
277
2757
-290
951
-5399
-837
-604
9709
4029
132
-384
716
-111
1911
6115
-653
943
-770
361
4034
-5723
9350
-549
-834
540
386
-105
1489
930
-5631
-154
5773
332
-2386
2529
-5351
-9115
-713
-5253
-6767
-375
-393
133
-101
-819
6883
702
-7622
7747
-487
-803
-2740
628
-185
-9539
481
1982
-3469
8497
8781
-226
-8624
-7627
620
188
-921
6048
-2996
356
-1308
2974
-2916
-3429
-9754
-2491
619
-858
280
1917
8578
-4112
550
379
-314
679
186
265
2304
-2604
-767
-290
-867
-425
7497
-878
-7549
-7517
-220
304
-644
694
-4522
-6113
8331
-3879
9215
8542
-506
2245
5179
-4515
-4625
-893
391
755
-851
-1039
-577
529
-6275
-404
734
730
9166
606
-924
626
-8735
745
9096
176
-1700
9822
-2826
-9074
-1304
906
-440
570
-2980
5823
895
590
-2618
8442
741
-5653
6917
7447
-5849
1889
2062
-622
-715
-500
-129
981
2630
-6647
-946
-319
9596
2117
-7555
7757
-411
-3691
8366
-8300
257
-6304
7387
-1460
-554
-5438
856
-4129
-4898
867
5520
995
-2761
2794
627
647
1583
-893
-289
-665
931
-167
-2168
-355
345
-470
3379
-215
2110
-3211
-829
-178
6388
429
767
-337
7069
948
-6551
691
-1214
-1451
811
5283
735
7916
354
886
9047
5938
-5849
-8160
-508
8195
-830
218
929
3534
-6214
8324
4461
-935
-7082
133
1112
-238
953
931
506
6841
5342
-649
-1244
1463
-6739
-7506
2137
-790
-162
-856
1063
-122
180
-816
-614
1092
-8893
145
-956
-7662
-281
359
-146
609
7692
661
-467
9789
4651
114
-715
-723
-1741
6975
-2760
451
129
866
-465
9598
-718
-844
304
-786
5066
429
544
1114
927
421
633
889
3062
961
-985
-347
-147
833
-3648
2202
209
412
-566
-1413
-463
-848
6946
-5207
6797
979
6435
599
-2706
792
-238
-885
-4083
-3598
-5449
-715
-314
7878
1502
-637
-4269
-5143
6982
-7225
343
3602
-502
998
2500
-307
500
681
-3028
-107
6824
-5464
-9046
1636
9511
-3777
-133
913
832
-4023
-975
-445
7942
2962
-550
618
-945
-2783
-3950
-110
3104
-171
-827
9726
-361
-519
620
9500
-3015
-9368
-6589
-352
7541
-5054
-4329
-1025
-8402
-4435
5830
474
338
-7089
459
296
-3402
699
-6199
2441
-1551
564
-8413
971
314
-368
-932
599
147
-7764
7743
760
536
599
650
710
-795
-584
-936
5574
7678
3982
718
-882
-718
-8060
3957
-2314
-711
-6001
2575
-2259
-7812
-161
1836
-1520
201
-7698
-275
-233
851
114
-2690
572
-127
-9530
-6029
-956
310
929
8833
4233
-2081
5852
-683
9545
5281
-5763
-9557
4957
833
180
-280
-224
1130
439
257
8804
8032
-3368
-9063
671
-5398
-594
871
3969
-2142
-927
-751
382
781
-193
4664
103
586
-4546
-5111
-6883
9956
-1970
-727
5248
-888
859
-551
793
-6101
-235
-2271
-3370
101
-1608
-954
-1583
-103
-627
5827
-557
-5203
-650
660
4754
-380
873
4232
-673
679
-1685
708
-132
9405
4760
-927
6382
3007
576
-8049
6245
-352
7690
889
-6419
1959
-3846
-9220
7389
225
-987
-485
4073
412
-1645
-278
-2235
178
3439
129
586
-5161
781
830
508
-7117
-595
-7613
-5102
-830
-9208
-6445
9718
261
9766
9313
4939
-277
-189
-183
107
-128
483
5109
-582
722
947
-9067
295
229
-323
913
6599
908
462
4845
4299
4396
495
443
-7454
916
858
417
994
845
350
4849
6537
-945
-778
1740
-5060
2676
-1544
242
290
621
-3920
-275
-347
-607
4767
1749
-1663
7060
-8306
-707
-433
2623
-787
-4843
7526
-530
108
5264
-481
-8886
314
600
-9508
7644
-8437
-692
396
-471
-606
-659
-388
-894
4593
-872
698
-8627
-6841
4778
-422
932
-8700
-4292
-424
687
604
-7998
-127
786
537
9404
-210
184
511
423
-687
2674
336
-114
-409
-208
719
-777
7178
746
-919
-323
2865
3821
-524
-9881
989
686
-982
-2393
6330
353
-694
3682
-533
-143
-2735
-1749
3158
872
637
326
5362
-729
566
1856
-9379
-7373
4837
6764
-7036
5667
-118
631
-295
-847
-745
-778
7029
-859
-6018
4860
1311
9531
-2580
6479
694
484
-325
7827
831
-3151
2361
2095
9169
-110
-982
3334
243
-9196
-587
5341
-189
563
5195
-7409
236
-292
-8079
-2722
7549
-244
6111
-4918
-796
-547
-335
474
7733
5843
7033
-373
7571
-2983
1133
-4671
4943
655
-673
8486
-6598
-923
106
342
-9468
-3512
-8435
-1892
592
-3729
-2018
640
7047
2042
-7549
-270
-6978
-3603
296
-931
-694
739
8398
-3310
-9366
-693
-8362
9149
776
9743
767
1980
-2717
-9479
615
-6619
-407
433
842
-6046
-5177
4655
1156
-1418
4889
962
-7798
9035
6231
-4584
-692
341
-490
443
-2020
-881
-3007
-895
-2699
-620
-8420
250
-5985
3420
3433
-3172
945
6937
7449
921
6262
951
628
-302
-287
9852
1490
-911
-100
8455
-872
635
3790
4540
1628
-1613
343
-616
-4158
-776
-603
6776
-334
-496
-3730
411
-229
477
-870
-9129
-860
3016
9524
-9557
8265
188
-670
5123
3457
-9246
9555
191
185
-520
-9818
-575
831
-1184
-849
4197
-2715
-7897
7984
835
6985
9151
-3218
-2653
385
230
887
-422
591
