460
77560
65267
67321
-22494
88036
79376
67129
-45916
44718
41392
-73954
48932
-94516
-46529
-90609
-129
77048
-37670
17662
-47398
34380
68659
89589
-2700
-20757
23627
-61002
87173
59060
15721
23229
60405
56904
-76857
-64733
9848
-58494
-50539
29405
22991
20592
26293
61227
26039
23775
47368
-45776
-65393
48949
-92621
16251
95280
-13569
34833
-7705
-19800
-50526
69047
-45617
-4069
82152
-84635
51812
-47464
-76826
-27746
-13837
50644
44321
39565
-95548
-41179
74547
-90873
11787
1635
87261
-36597
91424
93399
20123
54824
41548
60718
19978
-99833
4310
49601
-16758
-3837
-23188
50391
-87113
-20046
40773
5966
66069
58392
53857
-73847
76178
13507
21676
-64961
-63082
39658
-12545
-47201
-30513
58788
-31166
-47877
-98511
28860
-71475
49960
22446
78718
-4396
-4570
-17265
84200
-5576
-48793
-72714
-77477
43012
-88872
93996
-99712
23902
-74147
34659
90889
-10628
95510
99774
24968
-53843
-10327
26228
-85944
83297
-24953
-71962
46510
19180
16570
-80389
76602
-8893
94082
-82873
-47334
45190
32897
33767
83215
31273
47031
59821
-37431
-1906
72221
-7257
40861
81145
-49915
66619
24105
51662
-51919
5046
-33954
-85986
95946
34034
-73600
71104
-83766
-26488
73027
77874
-56567
85816
69614
-12610
21272
79562
-65779
58756
17672
-76024
85404
27909
25850
65850
8484
-87359
-87962
43617
-5792
99393
-51158
-46739
-51447
70075
-75376
58005
31019
91714
8313
71277
-3137
93705
37246
84927
18434
-73044
51448
39206
37088
25609
94156
-72106
93218
-19412
-54370
-8551
90963
64599
-97613
-35077
-7320
16736
-35414
-18923
90255
-52477
69429
83320
60681
11234
-53678
15472
-71220
-85783
-25217
75633
64875
81541
-17598
-93555
70725
-46900
2023
-63612
22060
-84902
-30080
-24832
283
-1351
49135
27102
-28216
-68467
-76904
21626
3137
48807
-51051
-61288
46266
78929
34464
-88949
-46797
75581
10155
-4894
70308
26213
39860
-72470
-78565
-33577
-13134
83000
-11656
70613
12854
79286
-37032
43303
-12322
-94720
87287
26867
-21809
20494
2642
57655
-51597
-65785
-30671
55717
-84314
-60078
-13867
99352
-2528
32710
3903
-65334
93097
-42664
-34809
80299
-86913
-54527
-23761
92105
-82683
-34791
54
-17556
-16276
46222
25554
43716
43436
-43750
96582
-15985
-71744
-42154
12755
48732
-63272
58326
-85546
-76471
31441
-29226
16909
-99259
-77228
17744
-9017
57590
22784
35091
58141
27931
96176
52509
-43055
7135
-4005
71702
-36619
83358
12835
91342
-96890
62803
90992
91489
87791
7945
31185
-97786
-92712
67643
47661
92001
-15902
70848
7712
-66701
32290
-11474
-37547
85595
-69283
45686
-48759
-50571
53659
-86950
-93500
-77364
-59570
-32288
-11174
84998
59125
33078
75554
-5997
-54362
34107
-64883
-95940
-86409
26598
-80160
11438
-27884
-68294
32630
-34888
95362
3261
76241
50766
-44923
84446
72862
1373
-83028
7721
38346
32357
38857
-47074
-55715
-24482
-24234
-26449
32673
37781
69082
-70354
-12435
-20897
-43236
12907
-27498
13417
80036
-50996
2149
10503
-6996
57081
72531
-11780
86069
-21202
30223
76273
89452
-39413
-25141
-52499
24030
-8663
-47723
42670
-35084
71578
9164
-35558
86239
89397
-78527
97698
-49365
30932
40655
48998
39122
-3237
-41321
-51995
97162
-34690
14824
-34332
-89548
19392
45457
-47594
94894
24467
-36111
30242
40962
-39212
-67582
66384
-58089
-79682
54759
37296
-19217
25350
-89031
39436
47928
-96240
-98505
23521
-56290
66808
-51224
-38554
85444
91054
14277
-16011
12246
76845
-66697
83416
-83853
60269
-88763
78354
-18131
-90276
3078
92249
-28125
-96608
-46742
-72536
-24128
-87214
-73841
99285
-34183
-85739
5538
93190
81716
-30966
-54245
11082
-31682
64243
3211
22894
-9912
65479
49122
-92841
-7852
52483
25198
-415
99458
11425
70501
-84519
-38480
-51878
-2990
-79128
70798
-73791
-40883
50780
50328
-75082
-31304
-41053
97731
14137
-89667
59502
-39470
18297
98276
-17303
-62009
-74838
-47449
-78882
-33
97210
-24192
59196
71290
87465
55185
-51899
94100
61149
-69656
-54176
-68773
-78256
-34960
-69894
-59238
-84281
16255
-19230
31313
-27886
-4777
95592
-44718
-81896
34985
-84615
31709
-82391
-84361
-93935
24062
29345
8950
-37486
-33149
40473
71011
-24649
23137
14593
86423
-42775
-14064
39104
8839
-31194
-49770
-51485
-35105
-81170
-85663
98479
-78498
-78379
-83269
16473
-69959
22447
33045
-33814
-89910
44455
17212
-82782
98087
35840
45318
41369
-53589
-2122
-84492
-95085
74994
44345
-2743
23635
14910
-53056
-51563
-53196
36321
78120
-12638
45071
-34402
-1104
76700
478
-26939
51284
-77458
-68245
29414
-82833
88812
-22840
32987
48632
75299
91155
67143
-46882
2858
68896
29724
41430
-12286
78506
-28286
-19493
3786
65156
-62675
12978
-91699
-19668
-80809
71823
-24546
93480
8979
-17341
-57249
-21766
-3534
-67886
81912
99932
52693
18544
-67948
-36187
51297
-16666
3636
-53303
89591
79824
-87223
-92116
46347
-80508
82786
-68735
82875
58395
20107
27885
61573
43931
80818
-92641
-32713
-74015
76196
-89383
69361
74013
-44886
-78648
52096
4427
-49979
19526
-67936
-84007
22070
-85502
-48919
32838
12152
-14246
-98599
-8535
-24760
59488
-43771
71669
6686
-24900
14506
-40391
39734
73658
91046
-91180
87238
-56344
12467
44564
48042
7812
-28964
-53136
-12997
29146
83719
-95879
89476
-62257
-19641
-14071
42715
-55846
86963
98960
-76418
4252
22207
-4081
55593
-73615
17132
-40749
85048
-78236
-61934
86650
-16489
64612
-53858
6280
-66101
-74574
78622
79428
63378
24610
28262
83479
-84202
91859
42668
-67569
-74928
-51435
-21994
24537
-87731
-95137
19846
41429
68450
-30131
-10185
85445
-11367
19135
-72139
-77911
-34170
-38104
-85267
70683
3843
95560
80794
-615
10935
-39986
-22763
89806
18820
-30515
-42949
56555
5739
-29512
12553
7789
3209
32515
344
69527
-73027
31039
-85152
-87387
-54293
72325
-74839
18883
57976
30367
-19891
-29085
46470
70917
96143
77840
-1950
-65999
-7761
89310
10376
-3050
-70116
28908
80364
-79610
-46935
3118
-61598
41885
-5327
-25636
96444
-15438
-45459
7701
-55019
-75533
-122
43533
-76386
-42930
-28980
74291
-40652
-89820
49744
-1376
27907
69612
65821
-3299
3709
46876
-13049
-57327
-65119
-6675
4290
-44071
-48233
-23610
87577
-17872
31142
83673
-18558
35031
10816
30699
22937
-66194
-67506
56811
-39636
90376
-99450
71468
-57708
-5088
-18622
418
-90322
-85617
16161
-70606
-38170
-89659
-36528
34868
-68336
-65642
24200
-64400
-91975
-26420
10970
70242
-77160
-34047
77668
68578
74286
-71493
53589
7626
88744
-16899
-28088
7733
-72013
-14006
-4250
99006
93446
15374
86102
-12366
88610
-98654
14741
-14454
54713
-58398
-4412
-85142
89583
59856
66454
60927
48020
39127
85238
-15495
-63061
-66481
-36498
-89141
-80842
-26457
75881
63004
-39253
-4921
-40007
65089
-58023
31839
-52957
46580
7589
-42617
44736
93813
66245
59279
-73738
57611
76108
80331
-32777
-65935
-70369
-76215
75135
-21208
-6813
-42174
-8278
77665
89722
-67828
93118
32075
55166
-72982
88310
-85196
-61014
-6935
41748
23415
73315
42201
-87524
-9517
63997
17673
-67806
-9439
-13652
-23038
-90942
1241
-88142
-74447
-98038
25601
46399
973
90479
60641
39345
-99785
3575
7644
14092
-37227
-2145
11947
-97712
-23984
3785
-22321
-23110
-83591
56596
-12343
-20675
5410
-62252
-95763
30269
68100
-22464
91225
93682
89114
69319
-60791
-18680
19211
65447
-26645
-29729
-42115
-37071
-77795
21691
71763
-84343
-10989
43428
-81503
-46264
28581
96670
-59762
-9499
-27974
-49021
-85231
89047
-8991
